M1 = 1;
M2 = 1;
M3 = 1;
Mb = 0.1;

l1 = 0.3;
l2 = 0.3;
l3 = 0.3;

I1 = 0.0075;
I2 = 0.0075;
I3 = 0.0075;

p1 = 0.15;
p2 = 0.15;
p3 = 0.15;

rb = 0.05;

g = 9.8;
coeffRestitution = 0.8;
